"","k","sample_size","epsilon","true_marginals","true_joint","bias_biased_marg","bias_unbiased_marg","bias_biased_joint","bias_unbiased_joint"
"1",2,100,0.05,c(0.64, 0.36),c(0.4096, 0.2304, 0.2304, 0.1296),c(`0` = 0.02, `1` = -0.02),c(`0` = -4.66099995833582, `1` = 4.66099995833582),c(0.0252, -0.00520000000000001, -0.00520000000000001, -0.0148),c(-27.6910005582765, 23.0300005999407, 23.0300005999407, -18.3690006416049)
"2",2,100,0.5,c(0.64, 0.36),c(0.4096, 0.2304, 0.2304, 0.1296),c(`0` = 0.085, `1` = -0.085),c(`0` = -0.084564349079048, `1` = 0.0845643490790477),c(0.101575, -0.016575, -0.016575, -0.068425),c(-0.115393495956345, 0.0308291468772966, 0.0308291468772968, 0.0537352022017515)
"3",2,100,1,c(0.64, 0.36),c(0.4096, 0.2304, 0.2304, 0.1296),c(`0` = 0.045, `1` = -0.045),c(`0` = -0.0655755743051719, `1` = 0.0655755743051719),c(0.055575, -0.010575, -0.010575, -0.034425),c(-0.088236891056073, 0.0226613167509012, 0.0226613167509012, 0.0429142575542706)
"4",2,100,3,c(0.64, 0.36),c(0.4096, 0.2304, 0.2304, 0.1296),c(`0` = 0.025, `1` = -0.025),c(`0` = 0.0129489898070112, `1` = -0.0129489898070111),c(0.031375, -0.00637500000000002, -0.00637500000000002, -0.018625),c(0.0164070306159522, -0.00345804080894102, -0.00345804080894102, -0.00949094899807007)
"5",2,100,5,c(0.64, 0.36),c(0.4096, 0.2304, 0.2304, 0.1296),c(`0` = 0.015, `1` = -0.015),c(`0` = 0.0133040862734239, `1` = -0.0133040862734239),c(0.018975, -0.00397500000000001, -0.00397500000000001, -0.011025),c(0.016852231718412, -0.00354814544498799, -0.00354814544498802, -0.00975594082843595)
"6",2,500,0.05,c(0.64, 0.36),c(0.4096, 0.2304, 0.2304, 0.1296),c(`0` = 0.0630000000000001, `1` = -0.063),c(`0` = -2.94064163993215, `1` = 2.94064163993215),c(0.076671, -0.013671, -0.013671, -0.049329),c(-12.411394553616, 9.47075291368392, 9.47075291368392, -6.5301112737518)
"7",2,500,0.5,c(0.64, 0.36),c(0.4096, 0.2304, 0.2304, 0.1296),c(`0` = 0.031, `1` = -0.031),c(`0` = -0.305045709993022, `1` = 0.305045709993022),c(0.0387190000000001, -0.007719, -0.007719, -0.023281),c(-0.483511393976215, 0.178465683983193, 0.178465683983193, 0.126580026009829)
"8",2,500,1,c(0.64, 0.36),c(0.4096, 0.2304, 0.2304, 0.1296),c(`0` = 0.035, `1` = -0.035),c(`0` = -0.0872151084425585, `1` = 0.0872151084425585),c(0.043575, -0.008575, -0.008575, -0.026425),c(-0.119241813947122, 0.0320267055045636, 0.0320267055045636, 0.0551884029379949)
"9",2,500,3,c(0.64, 0.36),c(0.4096, 0.2304, 0.2304, 0.1296),c(`0` = -0.002, `1` = 0.002),c(`0` = -0.0168803778035167, `1` = 0.0168803778035167),c(-0.00256400000000001, 0.000564000000000009, 0.000564000000000009, 0.00143599999999999),c(-0.0218918307432909, 0.0050114529397742, 0.0050114529397742, 0.0118689248637426)
"10",2,500,5,c(0.64, 0.36),c(0.4096, 0.2304, 0.2304, 0.1296),c(`0` = 0, `1` = 0),c(`0` = -0.00189942337376514, `1` = 0.0018994233737652),c(0, 0, 0, 0),c(-0.00243486972757223, 0.000535446353807062, 0.000535446353807062, 0.00136397701995811)
"11",2,1000,0.05,c(0.64, 0.36),c(0.4096, 0.2304, 0.2304, 0.1296),c(`0` = 0.0750000000000001, `1` = -0.075),c(`0` = -2.46054164409857, `1` = 2.46054164409857),c(0.0903750000000001, -0.015375, -0.015375, -0.059625),c(-9.20375848678949, 6.74321684269092, 6.74321684269092, -4.2826751985924)
"12",2,1000,0.5,c(0.64, 0.36),c(0.4096, 0.2304, 0.2304, 0.1296),c(`0` = 0.055, `1` = -0.055),c(`0` = -0.207053994031255, `1` = 0.207053994031256),c(0.0673750000000001, -0.012375, -0.012375, -0.042625),c(-0.307900468804303, 0.100846474773047, 0.100846474773047, 0.106207519258209)
"13",2,1000,1,c(0.64, 0.36),c(0.4096, 0.2304, 0.2304, 0.1296),c(`0` = 0.028, `1` = -0.028),c(`0` = -0.102362782338729, `1` = 0.102362782338729),c(0.035056, -0.00705600000000001, -0.00705600000000001, -0.020944),c(-0.141502500601699, 0.0391397182629701, 0.0391397182629701, 0.0632230640757589)
"14",2,1000,3,c(0.64, 0.36),c(0.4096, 0.2304, 0.2304, 0.1296),c(`0` = 0.014, `1` = -0.014),c(`0` = 0.000796284484203547, `1` = -0.000796284484203547),c(0.017724, -0.00372400000000001, -0.00372400000000001, -0.010276),c(0.00101861007080067, -0.000222325586597155, -0.000222325586597155, -0.00057395889760628)
"15",2,1000,5,c(0.64, 0.36),c(0.4096, 0.2304, 0.2304, 0.1296),c(`0` = 0.00750000000000006, `1` = -0.00750000000000001),c(`0` = 0.00570233144982946, `1` = -0.0057023314498294),c(0.00954375000000007, -0.00204374999999998, -0.00204374999999998, -0.00545625),c(0.00726646767181799, -0.0015641362219885, -0.0015641362219885, -0.00413819522784087)
"16",2,10000,0.05,c(0.64, 0.36),c(0.4096, 0.2304, 0.2304, 0.1296),c(`0` = 0.07195, `1` = -0.07195),c(`0` = -2.58256705970627, `1` = 2.58256705970627),c(0.0869191974999999, -0.0149691975, -0.0149691975, -0.0569808025),c(-9.97533845430396, 7.39277139459771, 7.39277139459771, -4.81020433489146)
"17",2,10000,0.5,c(0.64, 0.36),c(0.4096, 0.2304, 0.2304, 0.1296),c(`0` = 0.05225, `1` = -0.05225),c(`0` = -0.218282211485208, `1` = 0.218282211485208),c(0.0641499375, -0.0118999375, -0.0118999375, -0.0403500625),c(-0.32704835455194, 0.108766143066732, 0.108766143066732, 0.109516068418476)
"18",2,10000,1,c(0.64, 0.36),c(0.4096, 0.2304, 0.2304, 0.1296),c(`0` = 0.0412, `1` = -0.0412),c(`0` = -0.0737985972773789, `1` = 0.0737985972773789),c(0.05103856, -0.00983856, -0.00983856, -0.03136144),c(-0.0999084374751535, 0.0261098401977748, 0.0261098401977748, 0.047688757079604)
"19",2,10000,3,c(0.64, 0.36),c(0.4096, 0.2304, 0.2304, 0.1296),c(`0` = 0.00834999999999997, `1` = -0.00835000000000002),c(`0` = -0.00544578688614772, `1` = 0.00544578688614766),c(0.0106182774999999, -0.00226827750000003, -0.00226827750000003, -0.00608172250000003),c(-0.00700026380907848, 0.00155447692293068, 0.00155447692293068, 0.00389130996321699)
"20",2,10000,5,c(0.64, 0.36),c(0.4096, 0.2304, 0.2304, 0.1296),c(`0` = 0.00224999999999997, `1` = -0.00225000000000003),c(`0` = 0.000381103073313183, `1` = -0.000381103073313238),c(0.00287493749999995, -0.000624937500000033, -0.000624937500000033, -0.00162506250000002),c(0.000487666694288347, -0.000106563620975247, -0.00010656362097522, -0.000274539452338018)
"21",2,1e+05,0.05,c(0.64, 0.36),c(0.4096, 0.2304, 0.2304, 0.1296),c(`0` = 0.06813, `1` = -0.06813),c(`0` = -2.73539889171329, `1` = 2.73539889171329),c(0.0825647031, -0.0144347031, -0.0144347031, -0.0536952969),c(-10.9837176781794, 8.2483187864661, 8.2483187864661, -5.51291989475284)
"22",2,1e+05,0.5,c(0.64, 0.36),c(0.4096, 0.2304, 0.2304, 0.1296),c(`0` = 0.054025, `1` = -0.054025),c(`0` = -0.211034907492202, `1` = 0.211034907492202),c(0.066233299375, -0.012208299375, -0.012208299375, -0.041816700625),c(-0.314660413770262, 0.103625506278059, 0.103625506278059, 0.107409401214143)
"23",2,1e+05,1,c(0.64, 0.36),c(0.4096, 0.2304, 0.2304, 0.1296),c(`0` = 0.03784, `1` = -0.03784),c(`0` = -0.0810694807475408, `1` = 0.0810694807475407),c(0.0470033344, -0.00916333440000003, -0.00916333440000003, -0.0286766656),c(-0.110341196065528, 0.0292717153179872, 0.0292717153179872, 0.0517977654295535)
"24",2,1e+05,3,c(0.64, 0.36),c(0.4096, 0.2304, 0.2304, 0.1296),c(`0` = 0.00773000000000001, `1` = -0.00773000000000001),c(`0` = -0.00613075754979686, `1` = 0.00613075754979681),c(0.00983464710000004, -0.0021046471, -0.0021046471, -0.00562535290000002),c(-0.00788495585187438, 0.00175419830207757, 0.00175419830207754, 0.00437655924771935)
"25",2,1e+05,5,c(0.64, 0.36),c(0.4096, 0.2304, 0.2304, 0.1296),c(`0` = 0.00157499999999999, `1` = -0.00157499999999999),c(`0` = -0.000303054860810281, `1` = 0.000303054860810337),c(0.00201351937499999, -0.000438519375000002, -0.000438519375000002, -0.00113648062499999),c(-0.000388002064085846, 8.49472032755649e-05, 8.49472032755649e-05, 0.000218107657534772)
"26",5,100,0.05,c(0.11, 0.29, 0.36, 0.15, 0.1),c(0.0121, 0.0319, 0.0396, 0.0165, 0.011, 0.0319, 0.0841, 0.1044, 0.0435, 0.029, 0.0396, 0.1044, 0.1296, 0.054, 0.036, 0.0165, 0.0435, 0.054, 0.0225, 0.015, 0.011, 0.029, 0.036, 0.015, 0.01),c(`0` = 0.015, `1` = 0.02, `2` = -0.01, `3` = -0.005, `4` = -0.01),c(`0` = 10.2546874088596, `1` = -6.80645827257304, `2` = -16.588541519106, `3` = 4.38343746093981, `4` = 8.76687492187962),c(0.003075, 0.00625, 0.00445, 0.001775, 0.00055, 0.00625, 0.0112, 0.00449999999999999, 0.00164999999999999, -0.000700000000000003, 0.00445, 0.00449999999999999, -0.0073, -0.00335, -0.0047, 0.001775, 0.00164999999999999, -0.00335, -0.001525, -0.00205, 0.00055, -0.000700000000000003, -0.0047, -0.00205, -0.0021),c(-102.902582623467, 72.0232508852658, 171.977255747403, -42.9303997061906, -87.9117368941514, 72.0232508852656, -50.2756200143689, -120.170217671304, 30.0859122911067, 61.5331162367275, 171.977255747402, -120.170217671304, -287.123459624851, 71.8045905752758, 146.926889454372, -42.9303997061902, 30.0859122911064, 71.8045905752755, -17.8994927356879, -36.6756729635641, -87.9117368941508, 61.5331162367274, 146.926889454372, -36.6756729635643, -75.1047209115046)
"27",5,100,0.5,c(0.11, 0.29, 0.36, 0.15, 0.1),c(0.0121, 0.0319, 0.0396, 0.0165, 0.011, 0.0319, 0.0841, 0.1044, 0.0435, 0.029, 0.0396, 0.1044, 0.1296, 0.054, 0.036, 0.0165, 0.0435, 0.054, 0.0225, 0.015, 0.011, 0.029, 0.036, 0.015, 0.01),c(`0` = 0, `1` = 0.00999999999999995, `2` = 0.005, `3` = 0, `4` = -0.00499999999999999),c(`0` = 0.69367233714156, `1` = -0.60659763301472, `2` = -1.18965791396602, `3` = 0.3853735206342, `4` = 0.72720968920498),c(0, 0.00109999999999999, 0.000549999999999995, 0, -0.000549999999999998, 0.00109999999999999, 0.00569999999999998, 0.00499999999999999, 0.00149999999999999, -0.000400000000000005, 0.000549999999999995, 0.00499999999999999, 0.00357499999999999, 0.000750000000000001, -0.001275, 0, 0.00149999999999999, 0.000750000000000001, 0, -0.000750000000000001, -0.000549999999999998, -0.000400000000000005, -0.001275, -0.000750000000000001, -0.001025),c(-0.328573397144293, 0.555219235937294, 0.944092456414459, -0.1208810128898, -0.355084945176101, 0.555219235937293, -0.719787315527598, -1.28501961764446, 0.254535341474965, 0.591354722745082, 0.944092456414459, -1.28501961764446, -2.27183965031751, 0.418748438988831, 1.00796045859266, -0.120881012889799, 0.254535341474963, 0.418748438988831, -0.0329006942157376, -0.132628552724058, -0.355084945176101, 0.591354722745082, 1.00796045859266, -0.132628552724058, -0.383391994232607)
"28",5,100,1,c(0.11, 0.29, 0.36, 0.15, 0.1),c(0.0121, 0.0319, 0.0396, 0.0165, 0.011, 0.0319, 0.0841, 0.1044, 0.0435, 0.029, 0.0396, 0.1044, 0.1296, 0.054, 0.036, 0.0165, 0.0435, 0.054, 0.0225, 0.015, 0.011, 0.029, 0.036, 0.015, 0.01),c(`0` = -0.025, `1` = 0.015, `2` = 0.01, `3` = 0.00999999999999998, `4` = 0),c(`0` = 0.164142429732531, `1` = -0.203241265075997, `2` = -0.426482530151995, `3` = 0.184593012060798, `4` = 0.290988353434663),c(-0.006125, -0.00522500000000001, -0.00765, -0.0024, -0.0025, -0.00522500000000001, 0.00847499999999998, 0.00814999999999999, 0.00499999999999999, 0.00149999999999999, -0.00765, 0.00814999999999999, 0.00710000000000001, 0.005, 0.001, -0.0024, 0.00499999999999999, 0.005, 0.0029, 0.000999999999999997, -0.0025, 0.00149999999999999, 0.001, 0.000999999999999997, 0),c(0.00916859730265779, 0.0586052805355622, 0.0821820751246174, 0.0146270502752617, 0.000659426494432057, 0.0586052805355618, -0.15918694557377, -0.283525638132341, 0.0605627010316571, 0.123203337062895, 0.0821820751246177, -0.283525638132342, -0.488954770234283, 0.0812067996511547, 0.186209003438857, 0.0146270502752617, 0.0605627010316571, 0.0812067996511547, 0.0213033235165615, 0.00839313758616282, 0.000659426494432009, 0.123203337062895, 0.186209003438857, 0.00839313758616279, -0.0264765511476839
)
"29",5,100,3,c(0.11, 0.29, 0.36, 0.15, 0.1),c(0.0121, 0.0319, 0.0396, 0.0165, 0.011, 0.0319, 0.0841, 0.1044, 0.0435, 0.029, 0.0396, 0.1044, 0.1296, 0.054, 0.036, 0.0165, 0.0435, 0.054, 0.0225, 0.015, 0.011, 0.029, 0.036, 0.015, 0.01),c(`0` = 0.005, `1` = 0, `2` = -0.025, `3` = -0.005, `4` = 0.035),c(`0` = 0.0298879558333466, `1` = -0.0235780634210652, `2` = -0.0734660192544118, `3` = 0.00678903171053258, `4` = 0.0703670951315978),c(0.001075, 0.00145, -0.000825000000000006, 0.000225000000000003, 0.004175, 0.00145, 0, -0.00725000000000001, -0.00145, 0.01015, -0.000825000000000006, -0.00725000000000001, -0.018625, -0.005675, 0.010975, 0.000225000000000003, -0.00145, -0.005675, -0.001525, 0.004925, 0.004175, 0.01015, 0.010975, 0.004925, 0.005775),c(0.00568206037944015, 0.00677862033351802, 0.00487415112074717, 0.005027076583245, 0.00862604741639633, 0.00677862033351803, -0.0142312018589056, -0.0315254348766368, -0.00140781809686678, 0.0197077710778258, 0.00487415112074716, -0.0315254348766367, -0.0582927898482661, -0.0080770883380052, 0.023155142687749, 0.005027076583245, -0.00140781809686679, -0.00807708833800523, 0.00199061856159315, 0.0107562430005664, 0.00862604741639632, 0.0197077710778258, 0.023155142687749, 0.0107562430005664, 0.00912189094906022
)
"30",5,100,5,c(0.11, 0.29, 0.36, 0.15, 0.1),c(0.0121, 0.0319, 0.0396, 0.0165, 0.011, 0.0319, 0.0841, 0.1044, 0.0435, 0.029, 0.0396, 0.1044, 0.1296, 0.054, 0.036, 0.0165, 0.0435, 0.054, 0.0225, 0.015, 0.011, 0.029, 0.036, 0.015, 0.01),c(`0` = 0.005, `1` = 0, `2` = -0.03, `3` = 0, `4` = 0.035),c(`0` = 0.00822223608049451, `1` = -0.00305264470783689, `2` = -0.036444472160989, `3` = 0.00169591372657607, `4` = 0.0395789670617554),c(0.001075, 0.00145, -0.00135, 0.000750000000000001, 0.004175, 0.00145, 0, -0.0087, 0, 0.01015, -0.00135, -0.0087, -0.0225, -0.0045, 0.01065, 0.000750000000000001, 0, -0.0045, 0, 0.00525, 0.004175, 0.01015, 0.01065, 0.00525, 0.005775),c(0.00174128677154542, 0.00207375711093904, -0.00074923189479411, 0.00140594171896548, 0.00485048237383867, 0.00207375711093905, -0.00177985257025767, -0.0117791010465803, 3.9095296593912e-05, 0.0112934565014681, -0.00074923189479411, -0.0117791010465802, -0.0275682195070052, -0.00479433520198535, 0.0120464154893759, 0.00140594171896548, 3.9095296593912e-05, -0.00479433520198535, 0.000505897994604831, 0.00603931391839718, 0.00485048237383867, 0.0112934565014681, 0.0120464154893759, 0.00603931391839718, 
0.00634929877867556)
"31",5,500,0.05,c(0.11, 0.29, 0.36, 0.15, 0.1),c(0.0121, 0.0319, 0.0396, 0.0165, 0.011, 0.0319, 0.0841, 0.1044, 0.0435, 0.029, 0.0396, 0.1044, 0.1296, 0.054, 0.036, 0.0165, 0.0435, 0.054, 0.0225, 0.015, 0.011, 0.029, 0.036, 0.015, 0.01),c(`0` = -0.034, `1` = 0.015, `2` = 0.045, `3` = -0.002, `4` = -0.014),c(`0` = 5.42716661805843, `1` = -7.29906243489969, `2` = -11.1698957335128, `3` = 4.6789999583358, `4` = 8.37279159201831),c(-0.008636, -0.00770000000000001, -0.00576, -0.005388, -0.005416, -0.00770000000000001, 0.00847499999999998, 0.017775, 0.00169999999999999, -0.00235, -0.00576, 0.017775, 0.030375, 0.00612, 8.99999999999929e-05, -0.005388, 0.00169999999999999, 0.00612, -0.000604, -0.002328, -0.005416, -0.00235, 8.99999999999929e-05, -0.002328, -0.002996),c(-28.2601608441929, 40.3842094412082, 61.3459767039273, -24.064947391651, -43.9768112912332, 40.3842094412082, -57.5097686408041, -87.3966985895107, 34.4143634514679, 62.8117319027389, 61.3459767039265, -87.3966985895107, -132.808895625675, 52.272897296695, 95.4204244810511, -24.0649473916506, 34.4143634514677, 52.2728972966947, -20.4893406226052, -37.4524727755709, -43.9768112912328, 62.8117319027388, 95.4204244810508, -37.452472775571, -68.4290807249675)
"32",5,500,0.5,c(0.11, 0.29, 0.36, 0.15, 0.1),c(0.0121, 0.0319, 0.0396, 0.0165, 0.011, 0.0319, 0.0841, 0.1044, 0.0435, 0.029, 0.0396, 0.1044, 0.1296, 0.054, 0.036, 0.0165, 0.0435, 0.054, 0.0225, 0.015, 0.011, 0.029, 0.036, 0.015, 0.01),c(`0` = -0.027, `1` = 0.03, `2` = 0.038, `3` = -0.012, `4` = -0.019),c(`0` = 0.458570635999092, `1` = -0.43244822476104, `2` = -0.902311390347447, `3` = 0.280883875681992, `4` = 0.605305103427404),c(-0.006669, -0.00372000000000001, -0.00451400000000001, -0.005694, -0.005303, -0.00372000000000001, 0.0165, 0.02068, 0.00137999999999999, -0.00194, -0.00451400000000001, 0.02068, 0.025916, 0.001836, -0.002318, -0.005694, 0.00137999999999999, 0.001836, -0.003744, -0.004278, -0.005303, -0.00194, -0.002318, -0.004278, -0.004161),c(-0.109401488280814, 0.283724237181373, 0.479604684162306, -0.0291222757884968, -0.165134521275277, 0.283724237181371, -0.437831437460378, -0.807554623052152, 0.1380568236363, 0.39405677493382, 0.479604684162307, -0.807554623052154, -1.46383004620091, 0.219216207086197, 0.673852387657107, -0.0291222757884968, 0.138056823636299, 0.219216207086197, 0.00536941108646119, -0.0511362903384685, -0.165134521275277, 0.394056774933821, 0.673852387657107, -0.0511362903384682, -0.245333247549779)
"33",5,500,1,c(0.11, 0.29, 0.36, 0.15, 0.1),c(0.0121, 0.0319, 0.0396, 0.0165, 0.011, 0.0319, 0.0841, 0.1044, 0.0435, 0.029, 0.0396, 0.1044, 0.1296, 0.054, 0.036, 0.0165, 0.0435, 0.054, 0.0225, 0.015, 0.011, 0.029, 0.036, 0.015, 0.01),c(`0` = -0.025, `1` = 0.018, `2` = 0.03, `3` = 0.00900000000000001, `4` = -0.022),c(`0` = 0.164142429732531, `1` = -0.191511614472958, `2` = -0.348284859465062, `3` = 0.180683128526451, `4` = 0.204970915679037),c(-0.006125, -0.00482, -0.00495000000000001, -0.002535, -0.00547, -0.00482, 0.010116, 0.01464, 0.005148, -0.004184, -0.00495000000000001, 0.01464, 0.0207, 0.00747, -0.00426000000000001, -0.002535, 0.005148, 0.00747, 0.002619, -0.002202, -0.00547, -0.004184, -0.00426000000000001, -0.002202, -0.004884),c(0.0091685973026578, 0.0579702087519999, 0.0779482632342026, 0.0148387408697824, 0.00531661957388841, 0.0579702087519996, -0.147753434872354, -0.236647386187774, 0.0582742827538527, 0.079544715081318, 0.0779482632342028, -0.236647386187774, -0.372067442147443, 0.075732395376306, 0.110349310259646, 0.0148387408697825, 0.0582742827538527, 0.0757323953763059, 0.0215585456238293, 0.0117791639026809, 0.00531661957388833, 0.079544715081318, 0.110349310259646, 0.0117791639026808, -0.00101889313849558)
"34",5,500,3,c(0.11, 0.29, 0.36, 0.15, 0.1),c(0.0121, 0.0319, 0.0396, 0.0165, 0.011, 0.0319, 0.0841, 0.1044, 0.0435, 0.029, 0.0396, 0.1044, 0.1296, 0.054, 0.036, 0.0165, 0.0435, 0.054, 0.0225, 0.015, 0.011, 0.029, 0.036, 0.015, 0.01),c(`0` = -0.014, `1` = 0.00899999999999995, `2` = 0.025, `3` = -0.001, `4` = -0.00899999999999999),c(`0` = 0.00591036466667726, `1` = -0.0122202570789587, `2` = -0.0103670951315978, `3` = 0.0118369456403577, `4` = 0.0148400419035215),c(-0.003276, -0.002944, -0.00194, -0.002224, -0.002516, -0.002944, 0.00513899999999998, 0.010265, 0.00106899999999999, -0.00162900000000001, -0.00194, 0.010265, 0.017375, 0.003415, -0.000515000000000002, -0.002224, 0.00106899999999999, 0.003415, -0.000300999999999999, -0.001459, -0.002516, -0.00162900000000001, -0.000515000000000002, -0.001459, -0.001881),c(0.00126534781617586, 0.000442003650308227, 0.00104862412829001, 0.0021186580551668, 0.00213573101673652, 0.000442003650308234, -0.00723708378887192, -0.00753243870425876, 0.00174432619261475, 0.0032629355712489, 0.00104862412829001, -0.00753243870425875, -0.00757178515621809, 0.00282895090231028, 0.00445955369827867, 0.00211865805516681, 0.00174432619261475, 0.00282895090231026, 0.00341097041001453, 0.00323404008025137, 0.00213573101673652, 0.0032629355712489, 0.00445955369827866, 0.00323404008025138, 
0.00274778153700602)
"35",5,500,5,c(0.11, 0.29, 0.36, 0.15, 0.1),c(0.0121, 0.0319, 0.0396, 0.0165, 0.011, 0.0319, 0.0841, 0.1044, 0.0435, 0.029, 0.0396, 0.1044, 0.1296, 0.054, 0.036, 0.0165, 0.0435, 0.054, 0.0225, 0.015, 0.011, 0.029, 0.036, 0.015, 0.01),c(`0` = -0.01, `1` = 0.00700000000000001, `2` = 0.016, `3` = 0.001, `4` = -0.00399999999999999),c(`0` = -0.00728653803747831, `1` = 0.00418478321388377, `2` = 0.011115768467461, `3` = 0.0027298320011076, `4` = -0.00074384564497397),c(-0.0023, -0.00206, -0.00168, -0.00138, -0.00148, -0.00206, 0.00401100000000001, 0.00704800000000001, 0.001333, -0.000431999999999998, -0.00168, 0.00704800000000001, 0.011264, 0.002744, 0.000224000000000002, -0.00138, 0.001333, 0.002744, 0.000299000000000001, -0.000496, -0.00148, -0.000431999999999998, 0.000224000000000002, -0.000496, -0.000815999999999997),c(-0.00165613200481682, -0.00162227729527496, -0.00131942369231756, -0.000772808160787924, -0.000815896884281082, -0.00162227729527496, 0.00240966185350541, 0.00468357773126976, 0.00140794500726882, 0.000205875917114729, -0.00131942369231755, 0.00468357773126979, 0.00787979298794968, 0.00261976061003848, 0.000852060830520522, -0.000772808160787921, 0.00140794500726882, 0.00261976061003848, 0.000811497617578, 0.000163436927010194, -0.000815896884281086, 0.000205875917114726, 0.000852060830520522, 
0.000163436927010194, -0.000149322435338337)
"36",5,1000,0.05,c(0.11, 0.29, 0.36, 0.15, 0.1),c(0.0121, 0.0319, 0.0396, 0.0165, 0.011, 0.0319, 0.0841, 0.1044, 0.0435, 0.029, 0.0396, 0.1044, 0.1296, 0.054, 0.036, 0.0165, 0.0435, 0.054, 0.0225, 0.015, 0.011, 0.029, 0.036, 0.015, 0.01),c(`0` = -0.022, `1` = 0.016, `2` = 0.0405, `3` = -0.0155, `4` = -0.00899999999999999),c(`0` = 6.60941660764238, `1` = -7.20054160243436, `2` = -11.6132394796068, `3` = 3.34896872005386, `4` = 8.86539575434495),c(-0.005324, -0.00426800000000001, -0.00257400000000001, -0.005346, -0.003388, -0.00426800000000001, 0.00902399999999998, 0.016857, -0.00184700000000001, -0.000866000000000006, -0.00257400000000001, 0.016857, 0.02751975, 0.00112275, 0.00117449999999999, -0.005346, -0.00184700000000001, 0.00112275, -0.00489025, -0.0030395, -0.003388, -0.000866000000000006, 0.00117449999999999, -0.0030395, -0.001881),c(-42.2303162396947, 48.716050491096, 77.858671521034, -20.7749304264465, -56.9589587383464, 48.716050491096, -56.0241134977984, -89.5816484379024, 24.0055082824493, 65.6865615597211, 77.8586715210331, -89.5816484379024, -143.228863636012, 38.3560185729756, 104.986182500299, -20.7749304264462, 24.0055082824491, 38.3560185729754, -10.2109008718827, -28.0252268370417, -56.9589587383459, 65.686561559721, 104.986182500299, -28.025226837042, -76.8221627302871)
"37",5,1000,0.5,c(0.11, 0.29, 0.36, 0.15, 0.1),c(0.0121, 0.0319, 0.0396, 0.0165, 0.011, 0.0319, 0.0841, 0.1044, 0.0435, 0.029, 0.0396, 0.1044, 0.1296, 0.054, 0.036, 0.0165, 0.0435, 0.054, 0.0225, 0.015, 0.011, 0.029, 0.036, 0.015, 0.01),c(`0` = -0.018, `1` = 0.018, `2` = 0.035, `3` = -0.00950000000000001, `4` = -0.0155),c(`0` = 0.536937869713248, `1` = -0.536937869713248, `2` = -0.928433801585499, `3` = 0.302652551713702, `4` = 0.635781249871798),c(-0.004284, -0.00291600000000001, -0.00200000000000001, -0.003916, -0.003784, -0.00291600000000001, 0.010116, 0.016, 0.000115999999999991, -0.00241600000000001, -0.00200000000000001, 0.016, 0.023975, 0.0021625, -0.0015375, -0.003916, 0.000115999999999991, 0.0021625, -0.00294025, -0.00342225, -0.003784, -0.00241600000000001, -0.0015375, -0.00342225, -0.00334025),c(-0.170175944595289, 0.384951092480588, 0.589681182515453, -0.0486731552349382, -0.217745305452566, 0.384951092480586, -0.599726240365884, -0.961054703149653, 0.16973417592042, 0.472057805401284, 0.589681182515454, -0.961054703149654, -1.53046166106806, 0.250682707526211, 0.726318672590551, -0.0486731552349379, 0.169734175920419, 0.250682707526212, -0.000802801544704232, -0.0667883749532864, -0.217745305452566, 0.472057805401285, 0.72631867259055, -0.0667883749532864, -0.277061547714185)
"38",5,1000,1,c(0.11, 0.29, 0.36, 0.15, 0.1),c(0.0121, 0.0319, 0.0396, 0.0165, 0.011, 0.0319, 0.0841, 0.1044, 0.0435, 0.029, 0.0396, 0.1044, 0.1296, 0.054, 0.036, 0.0165, 0.0435, 0.054, 0.0225, 0.015, 0.011, 0.029, 0.036, 0.015, 0.01),c(`0` = -0.0155, `1` = 0.00750000000000001, `2` = 0.0335, `3` = -0.012, `4` = -0.00349999999999999),c(`0` = 0.201286323308824, `1` = -0.232565391583597, `2` = -0.334600267094849, `3` = 0.098575574305172, `4` = 0.27730376106445),c(-0.00365025, -0.00355375, -0.00137575, -0.003831, -0.00198925, -0.00355375, 0.00429375000000001, 0.01216375, -0.002265, -0.000238749999999999, -0.00137575, 0.01216375, 0.02299775, 0.001107, 0.00220725, -0.003831, -0.002265, 0.001107, -0.003744, -0.001767, -0.00198925, -0.000238749999999999, 0.00220725, -0.001767, -0.000712249999999998),c(0.00376680717675668, 0.0796030732861027, 0.103007504552416, 0.0211943467499487, -0.00518540845639975, 0.0796030732861023, -0.188974588480918, -0.258574060568491, 0.0166273748498204, 0.121652809329889, 0.103007504552416, -0.258574060568491, -0.352869531048235, 0.0182805801771733, 0.159155239792288, 0.0211943467499488, 0.0166273748498203, 0.0182805801771732, 0.0198555284419572, 0.0241177440862724, -0.00518540845639981, 0.121652809329889, 0.159155239792288, 0.0241177440862724, -0.0214366236875996)
"39",5,1000,3,c(0.11, 0.29, 0.36, 0.15, 0.1),c(0.0121, 0.0319, 0.0396, 0.0165, 0.011, 0.0319, 0.0841, 0.1044, 0.0435, 0.029, 0.0396, 0.1044, 0.1296, 0.054, 0.036, 0.0165, 0.0435, 0.054, 0.0225, 0.015, 0.011, 0.029, 0.036, 0.015, 0.01),c(`0` = -0.00749999999999999, `1` = -0.0015, `2` = 0.015, `3` = -5e-04, `4` = 0.0045),c(`0` = 0.0141132248026431, `1` = -0.0254710311447496, `2` = -0.0229868799561606, `3` = 0.0124679348815858, `4` = 0.0318767514166812),c(-0.00170625, -0.00235125, -0.000937500000000001, -0.00118375, -0.000221249999999999, -0.00235125, -0.000872249999999991, 0.0038325, -0.000370749999999996, 0.00116175, -0.000937500000000001, 0.0038325, 0.010575, 0.0020775, 0.0030525, -0.00118375, -0.000370749999999996, 0.0020775, -0.000150249999999998, 0.000627249999999999, -0.000221249999999999, 0.00116175, 0.0030525, 0.000627249999999999, 0.000879750000000002),c(0.00290572634225151, 0.00165050015534506, 0.00287662313810654, 0.00331249378956239, 0.00446788137737766, 0.00165050015534505, -0.0154219714915315, -0.0164212659346805, 0.000112617601627028, 0.00750908852449033, 0.00287662313810655, -0.0164212659346805, -0.0170789502185545, 0.00132702348637107, 0.00990968957259682, 0.00331249378956239, 0.000112617601627035, 0.00132702348637107, 0.00358493106426429, 0.00563086893976109, 0.00446788137737766, 0.00750908852449032, 0.00990968957259681, 0.00563086893976109, 
0.00535922300245536)
"40",5,1000,5,c(0.11, 0.29, 0.36, 0.15, 0.1),c(0.0121, 0.0319, 0.0396, 0.0165, 0.011, 0.0319, 0.0841, 0.1044, 0.0435, 0.029, 0.0396, 0.1044, 0.1296, 0.054, 0.036, 0.0165, 0.0435, 0.054, 0.0225, 0.015, 0.011, 0.029, 0.036, 0.015, 0.01),c(`0` = -0.001, `1` = -0.00600000000000001, `2` = 0.011, `3` = -0.0025, `4` = 0.00850000000000001),c(`0` = 0.00201872643330538, `1` = -0.00925615435502603, `2` = 0.00594617709480338, `3` = -0.00088888195975273, `4` = 0.01218013278667),c(-0.000221000000000001, -0.000955999999999999, 0.000861000000000001, -0.000427500000000001, 0.0008435, -0.000955999999999999, -0.00351599999999999, 0.001096, -0.00164, 0.001916, 0.000861000000000001, 0.001096, 0.00779900000000001, 0.000777500000000007, 0.0040665, -0.000427500000000001, -0.00164, 0.000777500000000007, -0.00075625, 0.00104625, 0.0008435, 0.001916, 0.0040665, 0.00104625, 0.00162775),c(0.000440044558914674, -0.000414060669927094, 0.00136881729153989, 0.000206826358931239, 0.00151709889384662, -0.000414060669927087, -0.00545424591935914, -0.00155278547730461, -0.00165442655020508, 0.00271936426176983, 0.0013688172915399, -0.0015527854773046, 0.00424589048621565, 0.00057721450825856, 0.00490704028609378, 0.000206826358931243, -0.00165442655020507, 0.00057721450825856, -0.000267454699064203, 0.00174895842232669, 0.00151709889384662, 0.00271936426176984, 0.00490704028609378, 0.00174895842232669, 
0.0022876709226331)
"41",5,10000,0.05,c(0.11, 0.29, 0.36, 0.15, 0.1),c(0.0121, 0.0319, 0.0396, 0.0165, 0.011, 0.0319, 0.0841, 0.1044, 0.0435, 0.029, 0.0396, 0.1044, 0.1296, 0.054, 0.036, 0.0165, 0.0435, 0.054, 0.0225, 0.015, 0.011, 0.029, 0.036, 0.015, 0.01),c(`0` = -0.0141, `1` = 0.01865, `2` = 0.03035, `3` = -0.00935, `4` = -0.01555),c(`0` = 7.38773118411848, `1` = -6.93946139640123, `2` = -12.6132259291299, `3` = 3.95487183971563, `4` = 8.22008430169705),c(-0.00330081, -0.001774535, -0.00130956500000001, -0.003275335, -0.003339755, -0.001774535, 0.0104691775, 0.0149494725, 0.000260377500000006, -0.0023544925, -0.00130956500000001, 0.0149494725, 0.0209308775, 0.0014702725, -0.0020910575, -0.003275335, 0.000260377500000006, 0.0014702725, -0.0028924225, -0.0034128925, -0.003339755, -0.0023544925, -0.0020910575, -0.0034128925, -0.0033518025),c(-52.9532711882869, 52.6459766489678, 94.4552509030407, -27.6743344394726, -59.0847907401304, 52.6459766489677, -52.1810120820542, -93.6850360414341, 27.550674083478, 58.7328359946414, 94.4552509030398, -93.685036041434, -168.174991008245, 49.4154620080143, 105.379688209495, -27.6743344394723, 27.5506740834778, 49.415462008014, -14.4545497166605, -30.8808800956434, -59.0847907401298, 58.7328359946413, 105.379688209495, -30.8808800956435, -65.9257690666656)
"42",5,10000,0.5,c(0.11, 0.29, 0.36, 0.15, 0.1),c(0.0121, 0.0319, 0.0396, 0.0165, 0.011, 0.0319, 0.0841, 0.1044, 0.0435, 0.029, 0.0396, 0.1044, 0.1296, 0.054, 0.036, 0.0165, 0.0435, 0.054, 0.0225, 0.015, 0.011, 0.029, 0.036, 0.015, 0.01),c(`0` = -0.01545, `1` = 0.01865, `2` = 0.0283, `3` = -0.00925000000000001, `4` = -0.01225),c(`0` = 0.559141919265592, `1` = -0.531278013945003, `2` = -0.986773853350482, `3` = 0.304829419316873, `4` = 0.664080528713021),c(-0.0036377025, -0.0021408575, -0.00201176500000001, -0.0034779125, -0.0030817625, -0.0021408575, 0.0104691775, 0.014393205, 0.000287512499999996, -0.0014590375, -0.00201176500000001, 0.014393205, 0.01957511, 0.001176775, -0.001233325, -0.0034779125, 0.000287512499999996, 0.001176775, -0.0028605625, -0.0028758125, -0.0030817625, -0.0014590375, -0.001233325, -0.0028758125, -0.0026000625),c(-0.189628463641582, 0.400770383433894, 0.644492593310551, -0.0530403825507561, -0.242352211286515, 0.400770383433892, -0.590397576189448, -1.00167575551274, 0.17065799799682, 0.492266936326476, 0.644492593310552, -1.00167575551274, -1.68419981206851, 0.262520213665401, 0.795688907254812, -0.053040382550756, 0.170657997996818, 0.262520213665402, -0.00147214908599946, -0.0723362607085916, -0.242352211286515, 0.492266936326476, 0.795688907254812, -0.0723362607085912, -0.308186842873161)
"43",5,10000,1,c(0.11, 0.29, 0.36, 0.15, 0.1),c(0.0121, 0.0319, 0.0396, 0.0165, 0.011, 0.0319, 0.0841, 0.1044, 0.0435, 0.029, 0.0396, 0.1044, 0.1296, 0.054, 0.036, 0.0165, 0.0435, 0.054, 0.0225, 0.015, 0.011, 0.029, 0.036, 0.015, 0.01),c(`0` = -0.01205, `1` = 0.01535, `2` = 0.02335, `3` = -0.00659999999999999, `4` = -0.01005),c(`0` = 0.21477542150232, `1` = -0.201872805838976, `2` = -0.374285584968467, `3` = 0.119688945390644, `4` = 0.25169402391448),c(-0.0027962025, -0.0016210325, -0.0014881325, -0.00261303, -0.0024316025, -0.0016210325, 0.00866737749999999, 0.0119390775, 0.00048981, -0.0012252325, -0.0014881325, 0.0119390775, 0.0162667775, 0.00128061, -0.0010483325, -0.00261303, 0.00048981, 0.00128061, -0.00202356, -0.00223383, -0.0024316025, -0.0012252325, -0.0010483325, -0.00223383, -0.0021110025),c(0.00112211104901102, 0.0834361805573078, 0.116535081668149, 0.0196758535228751, -0.00489380529502245, 0.0834361805573074, -0.157838857123907, -0.256775110965554, 0.0285908165213575, 0.10361416517182, 0.116535081668149, -0.256775110965554, -0.409575320292484, 0.0317430295351578, 0.147386735086264, 0.0196758535228752, 0.0285908165213575, 0.0317430295351576, 0.0215812399684687, 0.0195980058427848, -0.00489380529502254, 0.10361416517182, 0.147386735086264, 0.0195980058427848, -0.0130110768913667)
"44",5,10000,3,c(0.11, 0.29, 0.36, 0.15, 0.1),c(0.0121, 0.0319, 0.0396, 0.0165, 0.011, 0.0319, 0.0841, 0.1044, 0.0435, 0.029, 0.0396, 0.1044, 0.1296, 0.054, 0.036, 0.0165, 0.0435, 0.054, 0.0225, 0.015, 0.011, 0.029, 0.036, 0.015, 0.01),c(`0` = -0.0028, `1` = 0.00674999999999998, `2` = 0.00739999999999996, `3` = -0.00215000000000001, `4` = 0.000800000000000009),c(`0` = 0.0200445236701876, `1` = -0.0150597086644853, `2` = -0.0325779164228283, `3` = 0.010385670385533, `4` = 0.027207431031593),c(-0.000623840000000001, -5.06000000000048e-05, -0.000173280000000005, -0.00066252, -0.000189759999999999, -5.06000000000048e-05, 0.00386943749999999, 0.00452604999999999, 0.000403512499999995, 0.000901599999999999, -0.000173280000000005, 0.00452604999999999, 0.00527323999999997, 0.00035190999999999, 0.00102207999999999, -0.00066252, 0.000403512499999995, 0.00035190999999999, -0.000649622500000002, -9.32800000000011e-05, -0.000189759999999999, 0.000901599999999999, 0.00102207999999999, -9.32800000000011e-05, 
0.000159360000000002),c(0.00400801227827653, 0.00445820859805247, 0.00428546653161925, 0.00394092647706319, 0.00445190978517623, 0.00445820859805246, -0.00896142585046064, -0.0153597048120587, 0.000909293282423264, 0.00679392011755831, 0.00428546653161924, -0.0153597048120587, -0.0245174204628892, -0.00080950262281744, 0.00742324494331775, 0.0039409264770632, 0.000909293282423257, -0.000809502622817433, 0.00300783896630295, 0.004837114282561, 0.00445190978517624, 0.0067939201175583, 0.00742324494331774, 0.004837114282561, 
0.00470124190297971)
"45",5,10000,5,c(0.11, 0.29, 0.36, 0.15, 0.1),c(0.0121, 0.0319, 0.0396, 0.0165, 0.011, 0.0319, 0.0841, 0.1044, 0.0435, 0.029, 0.0396, 0.1044, 0.1296, 0.054, 0.036, 0.0165, 0.0435, 0.054, 0.0225, 0.015, 0.011, 0.029, 0.036, 0.015, 0.01),c(`0` = 0.000750000000000001, `1` = 0.00379999999999997, `2` = 0.00205, `3` = 0.00025, `4` = 0.00315),c(`0` = 0.00382808341373554, `1` = 0.000876244735382836, `2` = -0.00330739146225373, `3` = 0.00195439329520894, `4` = 0.00664867001792641),c(0.0001644375, 0.000632649999999998, 0.0004939625, 0.000139812500000003, 0.0004191375, 0.000632649999999998, 0.00218955999999999, 0.00195471, 0.000641549999999998, 0.00128153, 0.0004939625, 0.00195471, 0.00147179750000001, 0.000396987500000001, 0.0013325425, 0.000139812500000003, 0.000641549999999998, 0.000396987500000001, 7.49375000000004e-05, 0.0004967125, 0.0004191375, 0.00128153, 0.0013325425, 0.0004967125, 0.000620077500000002),c(0.000827524128399326, 0.0012031767729375, 0.00102695793849626, 0.000781714193976012, 0.00108871037992643, 0.00120317677293752, 0.000507454141685793, -0.000640797334959128, 0.000696498239082237, 0.00200991291663643, 0.00102695793849627, -0.000640797334959115, -0.00239226069110732, 0.000213936810635598, 0.00208477181468076, 0.000781714193976008, 0.000696498239082244, 0.000213936810635598, 0.000582498335410325, 0.00117974571610476, 0.00108871037992643, 0.00200991291663643, 0.00208477181468075, 0.00117974571610476, 
0.00128552919057801)
"46",5,1e+05,0.05,c(0.11, 0.29, 0.36, 0.15, 0.1),c(0.0121, 0.0319, 0.0396, 0.0165, 0.011, 0.0319, 0.0841, 0.1044, 0.0435, 0.029, 0.0396, 0.1044, 0.1296, 0.054, 0.036, 0.0165, 0.0435, 0.054, 0.0225, 0.015, 0.011, 0.029, 0.036, 0.015, 0.01),c(`0` = -0.015865, `1` = 0.020845, `2` = 0.03301, `3` = -0.009075, `4` = -0.018915),c(`0` = 7.21384191481718, `1` = -6.72320816913983, `2` = -12.3511605147721, `3` = 3.9819650686436, `4` = 7.88856170045121),c(-0.003741998225, -0.001977194075, -0.00155659635000001, -0.003521974875, -0.003967236475, -0.001977194075, 0.011655585975, 0.01638900655, 0.000684168375000002, -0.003006566825, -0.00155659635000001, 0.01638900655, 0.0226775399, 0.00198406575, -0.00288401585, -0.003521974875, 0.000684168375000002, 0.00198406575, -0.002804855625, -0.003916403625, -0.003967236475, -0.003006566825, -0.00288401585, -0.003916403625, -0.004140777225),c(-50.4524699507098, 49.8526221492716, 90.3376748508049, -27.2051740707456, -55.3177110638039, 49.8526221492716, -49.1009888236884, -89.0416147614456, 26.9178687232695, 54.6518045434532, 90.3376748508041, -89.0416147614456, -161.444001632299, 48.7627230745279, 99.0376579536403, -27.2051740707453, 26.9178687232693, 48.7627230745276, -14.6614562873043, -29.8304963711037, -55.3177110638035, 54.6518045434531, 99.03765795364, -29.8304963711039, -60.6516933617345)
"47",5,1e+05,0.5,c(0.11, 0.29, 0.36, 0.15, 0.1),c(0.0121, 0.0319, 0.0396, 0.0165, 0.011, 0.0319, 0.0841, 0.1044, 0.0435, 0.029, 0.0396, 0.1044, 0.1296, 0.054, 0.036, 0.0165, 0.0435, 0.054, 0.0225, 0.015, 0.011, 0.029, 0.036, 0.015, 0.01),c(`0` = -0.01444, `1` = 0.01882, `2` = 0.03038, `3` = -0.00759500000000002, `4` = -0.017165),c(`0` = 0.567936464382403, `1` = -0.529797743974846, `2` = -0.9686623148921, `3` = 0.319240282849865, `4` = 0.621283311634679),c(-0.0033853136, -0.0018456392, -0.0014179128, -0.0031111218, -0.0035800126, -0.0018456392, 0.0105614076, 0.0150136484, 0.000763387899999995, -0.0027728047, -0.0014179128, 0.0150136484, 0.0209506556, 0.00205353609999999, -0.00261992730000001, -0.0031111218, 0.000763387899999995, 0.00205353609999999, -0.002336184025, -0.003464618175, -0.0035800126, -0.0027728047, -0.00261992730000001, -0.003464618175, -0.003727637225),c(-0.197605805411058, 0.407315280384514, 0.648042922839825, -0.0610012967593437, -0.227714636671535, 0.407315280384512, -0.587968341026249, -0.984834368252939, 0.182242802069984, 0.456346882849846, 0.648042922839826, -0.984834368252941, -1.63574354701443, 0.278863185984294, 0.728609491551152, -0.0610012967593439, 0.182242802069983, 0.278863185984295, -0.0061422733391021, -0.0732221351059674, -0.227714636671534, 0.456346882849846, 0.728609491551152, -0.073222135105967, -0.261736290988817)
"48",5,1e+05,1,c(0.11, 0.29, 0.36, 0.15, 0.1),c(0.0121, 0.0319, 0.0396, 0.0165, 0.011, 0.0319, 0.0841, 0.1044, 0.0435, 0.029, 0.0396, 0.1044, 0.1296, 0.054, 0.036, 0.0165, 0.0435, 0.054, 0.0225, 0.015, 0.011, 0.029, 0.036, 0.015, 0.01),c(`0` = -0.01227, `1` = 0.01639, `2` = 0.027425, `3` = -0.006795, `4` = -0.01475),c(`0` = 0.213915247124764, `1` = -0.197806526963256, `2` = -0.358352809566005, `3` = 0.118926518101446, `4` = 0.23331757130305),c(-0.0028499529, -0.00155429470000001, -0.00106394525, -0.00267132465, -0.0030304825, -0.00155429470000001, 0.00923756789999998, 0.01340415425, 0.000599320049999998, -0.0023967475, -0.00106394525, 0.01340415425, 0.018993869375, 0.001853902875, -0.00216298125000001, -0.00267132465, 0.000599320049999998, 0.001853902875, -0.002084672025, -0.00299222625, -0.0030304825, -0.0023967475, -0.00216298125000001, -0.00299222625, -0.0031675625),c(0.0013016214149991, 0.0825905357984596, 0.114247809728819, 0.0197290085505151, -0.00285372836802965, 0.0825905357984593, -0.153855207747953, -0.24601718916869, 0.0283421527144108, 0.0940331814405172, 0.11424780972882, -0.24601718916869, -0.386430759011373, 0.0316782769751755, 0.131769051910062, 0.0197290085505152, 0.0283421527144107, 0.0316782769751755, 0.0215344387227002, 0.0191426411386445, -0.00285372836802976, 0.0940331814405173, 0.131769051910062, 0.0191426411386445, -0.0077735748181439)
"49",5,1e+05,3,c(0.11, 0.29, 0.36, 0.15, 0.1),c(0.0121, 0.0319, 0.0396, 0.0165, 0.011, 0.0319, 0.0841, 0.1044, 0.0435, 0.029, 0.0396, 0.1044, 0.1296, 0.054, 0.036, 0.0165, 0.0435, 0.054, 0.0225, 0.015, 0.011, 0.029, 0.036, 0.015, 0.01),c(`0` = -0.00221499999999999, `1` = 0.00758999999999999, `2` = 0.00927, `3` = -0.000645000000000007, `4` = -0.00399999999999999),c(`0` = 0.0207827810824245, `1` = -0.013999646739222, `2` = -0.030218016660635, `3` = 0.0122849480016297, `4` = 0.0211499343158029),c(-0.000492206225, 0.000209361849999999, 0.000242833050000002, -0.000404628674999997, -0.000670359999999998, 0.000209361849999999, 0.0043445919, 0.0053503407, 0.000956345549999994, -0.000370639999999998, 0.000242833050000002, 0.0053503407, 0.00658846710000001, 0.00116427915, -0.000475919999999998, -0.000404628674999997, 0.000956345549999994, 0.00116427915, -0.000193916025000001, -0.00066708, -0.000670359999999998, -0.000370639999999998, -0.000475919999999998, -0.00066708, -0.000815999999999997),c(0.00414028784861339, 0.00477799696600126, 0.00478583378200605, 0.00421344605761612, 0.00396521642818779, 0.00477799696600126, -0.00831578521757177, -0.014226139216113, 0.00163467284182181, 0.00502960788663961, 0.00478583378200605, -0.014226139216113, -0.0226701005265597, 0.000261105544879729, 0.0052312837551518, 0.00421344605761612, 0.0016346728418218, 0.000261105544879715, 0.00353456445308616, 0.00414115910422587, 0.00396521642818778, 0.00502960788663961, 0.0052312837551518, 0.00414115910422588, 
0.0037826671415978)
